#772 = nz_primary_parcels           
python ../ldsreplicate.py -u ldsincr.user.conf -l v:x772 -e 2193 -c within(shape,geomFromWkt(POLYGON((174.739222311851 -39.8107711630911,174.926194085388 -39.548552006442,174.625801314617 -39.1377975005512,174.721584697209 -39.0311236834587,174.742906940682 -38.7967145894666,174.941195210777 -38.6171835749901,175.625963241006 -38.439547493451,175.686786296678 -38.5658224831574,175.587340410075 -38.7517971166413,175.609528418532 -38.868575331127,175.731932409022 -38.9768831268206,175.640608497725 -39.2408263907197,175.796583558305 -39.2463254439309,176.020399269563 -39.029319709085,176.120961931721 -39.094030919849,176.244004822582 -39.5029416530752,176.171089655395 -39.9652826592673,176.41597154341 -40.1247604993454,176.454172406029 -40.3448170543318,176.912876724971 -40.4476698522701,176.924539945874 -40.5624618096635,176.569137675298 -40.8608519304872,176.209807438558 -40.7214498996482,175.878108207742 -40.8274842019004,175.49037896591 -40.7542430140045,175.184610729962 -40.8084332358987,174.804620042923 -40.646208533341,174.915349011546 -40.3385667586135,174.835196784541 -40.1726323475811,174.669511303723 -40.0840374182088,174.739222311851 -39.8107711630911)))) init ms


#793 = nz_road_centre_line_subsections_electoral
python ../ldsreplicate.py -u ldsincr.user.conf -l v:x793 -e 2193 -c within(shape,geomFromWkt(POLYGON((174.739222311851 -39.8107711630911,174.926194085388 -39.548552006442,174.625801314617 -39.1377975005512,174.721584697209 -39.0311236834587,174.742906940682 -38.7967145894666,174.941195210777 -38.6171835749901,175.625963241006 -38.439547493451,175.686786296678 -38.5658224831574,175.587340410075 -38.7517971166413,175.609528418532 -38.868575331127,175.731932409022 -38.9768831268206,175.640608497725 -39.2408263907197,175.796583558305 -39.2463254439309,176.020399269563 -39.029319709085,176.120961931721 -39.094030919849,176.244004822582 -39.5029416530752,176.171089655395 -39.9652826592673,176.41597154341 -40.1247604993454,176.454172406029 -40.3448170543318,176.912876724971 -40.4476698522701,176.924539945874 -40.5624618096635,176.569137675298 -40.8608519304872,176.209807438558 -40.7214498996482,175.878108207742 -40.8274842019004,175.49037896591 -40.7542430140045,175.184610729962 -40.8084332358987,174.804620042923 -40.646208533341,174.915349011546 -40.3385667586135,174.835196784541 -40.1726323475811,174.669511303723 -40.0840374182088,174.739222311851 -39.8107711630911)))) ms


#779 = nz_street_address_electoral        
python ../ldsreplicate.py -u ldsincr.user.conf -l v:x779 -e 2193 -c within(shape,geomFromWkt(POLYGON((174.739222311851 -39.8107711630911,174.926194085388 -39.548552006442,174.625801314617 -39.1377975005512,174.721584697209 -39.0311236834587,174.742906940682 -38.7967145894666,174.941195210777 -38.6171835749901,175.625963241006 -38.439547493451,175.686786296678 -38.5658224831574,175.587340410075 -38.7517971166413,175.609528418532 -38.868575331127,175.731932409022 -38.9768831268206,175.640608497725 -39.2408263907197,175.796583558305 -39.2463254439309,176.020399269563 -39.029319709085,176.120961931721 -39.094030919849,176.244004822582 -39.5029416530752,176.171089655395 -39.9652826592673,176.41597154341 -40.1247604993454,176.454172406029 -40.3448170543318,176.912876724971 -40.4476698522701,176.924539945874 -40.5624618096635,176.569137675298 -40.8608519304872,176.209807438558 -40.7214498996482,175.878108207742 -40.8274842019004,175.49037896591 -40.7542430140045,175.184610729962 -40.8084332358987,174.804620042923 -40.646208533341,174.915349011546 -40.3385667586135,174.835196784541 -40.1726323475811,174.669511303723 -40.0840374182088,174.739222311851 -39.8107711630911)))) ms       
        

#787 = nz_geodetic_marks
 python ../ldsreplicate.py -u ldsincr.user.conf -l v:x787 -e 2193 -c within(shape,geomFromWkt(POLYGON((174.739222311851 -39.8107711630911,174.926194085388 -39.548552006442,174.625801314617 -39.1377975005512,174.721584697209 -39.0311236834587,174.742906940682 -38.7967145894666,174.941195210777 -38.6171835749901,175.625963241006 -38.439547493451,175.686786296678 -38.5658224831574,175.587340410075 -38.7517971166413,175.609528418532 -38.868575331127,175.731932409022 -38.9768831268206,175.640608497725 -39.2408263907197,175.796583558305 -39.2463254439309,176.020399269563 -39.029319709085,176.120961931721 -39.094030919849,176.244004822582 -39.5029416530752,176.171089655395 -39.9652826592673,176.41597154341 -40.1247604993454,176.454172406029 -40.3448170543318,176.912876724971 -40.4476698522701,176.924539945874 -40.5624618096635,176.569137675298 -40.8608519304872,176.209807438558 -40.7214498996482,175.878108207742 -40.8274842019004,175.49037896591 -40.7542430140045,175.184610729962 -40.8084332358987,174.804620042923 -40.646208533341,174.915349011546 -40.3385667586135,174.835196784541 -40.1726323475811,174.669511303723 -40.0840374182088,174.739222311851 -39.8107711630911)))) ms       

 
#1569 = nz_title_parcel_association_list    
python ../ldsreplicate.py -u ldsincr.user.conf -l v:x1569 ms        


#1567 = nz_property_titles_list  
python ../ldsreplicate.py -u ldsincr.user.conf -l v:x1567 ms        


#1564 = nz_property_titles_owners_list
python ../ldsreplicate.py -u ldsincr.user.conf -l v:x1564 ms                


#1566 = nz_property_title_estates_list
python ../ldsreplicate.py -u ldsincr.user.conf -l v:x1566 ms


#785 = nz_land_districts
python ../ldsreplicate.py -u ldsincr.user.conf -l v:x785 -e 2193 -c within(shape,geomFromWkt(POLYGON((174.739222311851 -39.8107711630911,174.926194085388 -39.548552006442,174.625801314617 -39.1377975005512,174.721584697209 -39.0311236834587,174.742906940682 -38.7967145894666,174.941195210777 -38.6171835749901,175.625963241006 -38.439547493451,175.686786296678 -38.5658224831574,175.587340410075 -38.7517971166413,175.609528418532 -38.868575331127,175.731932409022 -38.9768831268206,175.640608497725 -39.2408263907197,175.796583558305 -39.2463254439309,176.020399269563 -39.029319709085,176.120961931721 -39.094030919849,176.244004822582 -39.5029416530752,176.171089655395 -39.9652826592673,176.41597154341 -40.1247604993454,176.454172406029 -40.3448170543318,176.912876724971 -40.4476698522701,176.924539945874 -40.5624618096635,176.569137675298 -40.8608519304872,176.209807438558 -40.7214498996482,175.878108207742 -40.8274842019004,175.49037896591 -40.7542430140045,175.184610729962 -40.8084332358987,174.804620042923 -40.646208533341,174.915349011546 -40.3385667586135,174.835196784541 -40.1726323475811,174.669511303723 -40.0840374182088,174.739222311851 -39.8107711630911)))) ms              
